Read 2 graphs.
||
Done with computation
///////////
Done with aggregation

	 0ms
	colors_1 classes: 2


Read 2 graphs.
||
Done with computation
///////////
Done with aggregation

	 0ms
	colors_tw_supersimple classes: 2


Read 2 graphs.
||
Done with computation
///////////
Done with aggregation

	 0ms
	colors_weakertw_supersimple classes: 2


Read 2 graphs.
R=1
T=0
{{1 11,2 12,3 11,4 13,5 11,6 11,7 14,8 11,9 11,10 11,11 15,12 11,13 11,14 11,15 13,16 13,17 12,}}
R=1
T=1
{{1 81,2 82,3 83,4 84,5 83,6 85,7 86,8 85,9 85,10 87,11 88,12 87,13 87,14 87,15 89,16 90,17 91,}}
R=0
T=2
{{1 451,2 452,3 453,4 454,5 453,6 455,7 456,8 455,9 455,10 457,11 458,12 457,13 457,14 457,15 459,16 460,17 461,}}
R=0
T=3
{{1 2517,2 2518,3 2519,4 2520,5 2519,6 2521,7 2522,8 2521,9 2521,10 2523,11 2524,12 2523,13 2523,14 2523,15 2525,16 2526,17 2527,}}
R=0
T=4
{{1 14347,2 14348,3 14349,4 14350,5 14349,6 14351,7 14352,8 14351,9 14351,10 14353,11 14354,12 14353,13 14353,14 14353,15 14355,16 14356,17 14357,}}
R=0
T=5
{{1 82359,2 82360,3 82361,4 82362,5 82361,6 82363,7 82364,8 82363,9 82363,10 82365,11 82366,12 82365,13 82365,14 82365,15 82367,16 82368,17 82369,}}
R=0
T=6
{{1 473335,2 473336,3 473337,4 473338,5 473337,6 473339,7 473340,8 473339,9 473339,10 473341,11 473342,12 473341,13 473341,14 473341,15 473343,16 473344,17 473345,}}
R=0
T=7
{{1 2720065,2 2720066,3 2720067,4 2720068,5 2720067,6 2720069,7 2720070,8 2720069,9 2720069,10 2720071,11 2720072,12 2720071,13 2720071,14 2720071,15 2720073,16 2720074,17 2720075,}}
|R=1
T=0
{{1 11,2 12,3 11,4 14,5 11,6 11,7 11,8 13,9 11,10 11,11 15,12 11,13 11,14 11,15 13,16 13,17 12,}}
R=1
T=1
{{1 81,2 82,3 85,4 86,5 85,6 85,7 83,8 84,9 83,10 87,11 88,12 87,13 87,14 87,15 2720076,16 2720077,17 91,}}
R=0
T=2
{{1 451,2 2720086,3 455,4 2720087,5 455,6 455,7 453,8 2720088,9 453,10 457,11 2720089,12 457,13 457,14 457,15 2720090,16 2720091,17 461,}}
R=0
T=3
{{1 2720214,2 2720215,3 2720216,4 2720217,5 2720216,6 2720216,7 2720218,8 2720219,9 2720218,10 2720220,11 2720221,12 2720220,13 2720220,14 2720220,15 2720222,16 2720223,17 2720224,}}
R=0
T=4
{{1 2721779,2 2721780,3 2721781,4 2721782,5 2721781,6 2721781,7 2721783,8 2721784,9 2721783,10 2721785,11 2721786,12 2721785,13 2721785,14 2721785,15 2721787,16 2721788,17 2721789,}}
R=0
T=5
{{1 2737754,2 2737755,3 2737756,4 2737757,5 2737756,6 2737756,7 2737758,8 2737759,9 2737758,10 2737760,11 2737761,12 2737760,13 2737760,14 2737760,15 2737762,16 2737763,17 2737764,}}
R=0
T=6
{{1 2873971,2 2873972,3 2873973,4 2873974,5 2873973,6 2873973,7 2873975,8 2873976,9 2873975,10 2873977,11 2873978,12 2873977,13 2873977,14 2873977,15 2873979,16 2873980,17 2873981,}}
R=0
T=7
{{1 3901706,2 3901707,3 3901708,4 3901709,5 3901708,6 3901708,7 3901710,8 3901711,9 3901710,10 3901712,11 3901713,12 3901712,13 3901712,14 3901712,15 3901714,16 3901715,17 3901716,}}
|
Done with computation
///////////
Done with aggregation

	 26071ms
	colors_p1_04 classes: 2


